delta: 0.09349045157432556
p_val: 0.0006662225183211193
