delta: 1.2818738222122192
p_val: 0.0006662225183211193
