delta: 1.2573721408843994
p_val: 0.0006662225183211193
