delta: 1.3388465642929077
p_val: 0.0006662225183211193
