delta: 0.8521259427070618
p_val: 0.0006662225183211193
