delta: 0.956645667552948
p_val: 0.0006662225183211193
