delta: 1.0805922746658325
p_val: 0.0006662225183211193
