delta: -0.017952442169189453
p_val: 0.9993337774816788
