delta: 0.9868922233581543
p_val: 0.0006662225183211193
